0 2 0 0 8 0 9 0 2 7 4.0
0 1 6 0 0 0 8 8 5 9 4.625
0 0 5 0 0 5 1 7 0 9 5.4
6 4 0 10 1 0 0 1 9 0 5.16666666667
0 7 6 0 0 8 4 5 0 2 5.33333333333
0 5 9 8 2 2 10 4 8 1 5.44444444444
0 9 0 2 4 6 0 0 0 0 4.2
0 0 0 1 0 0 0 9 0 5 3.0
0 4 0 4 6 7 8 7 4 0 5.0
0 0 0 0 4 0 3 0 0 0 3.5
5 0 0 0 0 0 0 0 9 0 7.0
8 0 6 0 0 6 0 0 3 2 5.0
5 10 0 0 6 5 0 1 0 8 5.0
0 0 0 0 6 0 8 0 2 0 4.0
4 4 0 0 0 0 0 3 7 0 4.5
0 0 9 7 0 4 0 7 0 0 5.4
8 0 6 0 0 0 0 0 0 0 4.66666666667
2 6 4 0 1 8 0 0 0 10 5.16666666667
2 0 5 8 0 2 0 7 0 0 4.0
9 0 1 0 8 0 10 0 0 3 6.2
0 0 8 0 0 0 0 0 9 5 4.4
0 0 5 0 0 0 4 0 0 1 2.0
0 0 2 6 0 7 0 0 0 6 5.25
0 0 7 0 9 1 0 0 0 0 4.25
9 7 0 2 0 0 4 8 2 0 5.33333333333
9 0 0 2 0 2 0 0 10 0 3.83333333333
0 0 10 3 0 0 1 5 10 6 5.0
0 4 9 0 0 9 10 5 9 0 7.66666666667
0 0 0 0 0 0 0 0 0 0 0.0
0 0 0 0 8 0 0 0 0 0 4.0
0 0 8 0 0 4 6 1 0 0 4.75
0 0 9 1 4 0 0 8 5 8 5.83333333333
0 0 2 7 0 0 9 5 0 9 6.4
3 0 0 0 0 0 8 0 0 6 4.25
0 0 1 5 0 0 0 9 9 9 5.5
0 0 9 10 8 10 0 10 7 9 9.0
0 2 0 2 0 0 2 6 0 4 2.28571428571
6 3 0 7 0 0 2 10 1 0 4.83333333333
10 0 4 0 3 0 4 1 0 10 4.57142857143
6 6 0 7 0 0 10 0 0 2 6.2
2 0 4 4 8 3 0 0 0 2 3.83333333333
4 0 0 0 9 5 9 6 0 6 5.57142857143
3 0 3 5 0 4 0 10 6 0 5.16666666667
7 0 5 0 0 0 0 0 5 0 5.66666666667
1 0 8 0 7 5 0 0 0 3 4.8
2 0 0 0 6 0 0 0 0 2 3.33333333333
3 1 0 9 9 0 3 0 0 0 5.0
0 0 0 2 3 0 0 2 0 0 1.75
0 0 2 5 5 0 5 1 2 0 3.33333333333
0 5 0 6 0 1 1 0 0 0 2.6
0 6 2 2 10 10 4 4 0 3 5.125
2 8 4 0 0 0 8 0 7 0 5.8
0 0 6 1 0 0 0 0 0 0 2.33333333333
1 0 0 0 5 0 0 0 5 0 3.66666666667
8 0 8 0 0 0 0 0 0 4 6.66666666667
6 0 0 1 3 0 2 5 10 8 5.0
3 0 0 6 0 5 0 9 0 9 6.4
0 0 0 8 0 8 5 0 0 0 5.25
0 0 0 0 0 0 1 0 4 0 2.5
0 2 0 0 1 0 0 0 0 0 1.0
0 10 4 5 7 0 6 0 0 2 5.66666666667
0 0 0 0 0 0 0 0 0 0 0.0
4 0 0 1 1 7 0 6 7 1 3.85714285714
0 0 3 0 0 4 7 0 0 4 3.6
10 0 2 10 6 9 3 3 0 10 6.625
9 0 0 0 0 0 0 1 7 10 6.75
10 0 0 0 10 0 3 0 0 0 7.66666666667
5 0 7 9 0 0 0 2 0 0 4.6
9 7 0 0 5 1 0 0 0 2 4.8
8 7 2 0 0 9 0 0 10 0 6.0
0 0 1 0 2 0 0 9 0 10 4.4
0 0 7 9 3 0 8 0 8 8 7.16666666667
0 5 4 6 5 0 1 0 0 0 4.2
7 10 8 0 0 0 0 0 0 0 5.0
0 0 0 7 5 10 0 0 1 3 5.2
0 9 0 0 3 0 0 0 0 0 4.0
0 8 3 0 0 0 0 3 10 7 6.2
0 8 3 0 4 0 0 1 6 0 3.14285714286
0 0 1 0 0 0 8 0 0 9 4.5
0 1 0 10 9 0 0 1 3 1 4.16666666667
0 6 5 3 2 1 0 0 0 3 2.0
0 0 0 0 2 0 3 9 0 0 2.8
0 1 0 4 10 0 6 0 0 6 5.4
0 0 0 0 1 0 6 0 8 0 5.0
6 5 5 1 0 0 6 0 0 10 5.5
0 0 0 0 2 0 3 9 0 10 4.8
9 2 0 10 0 0 5 0 0 8 6.8
0 0 9 6 8 2 5 4 0 1 5.0
0 3 0 0 0 5 0 6 9 0 5.75
2 0 0 0 7 0 6 2 0 0 3.4
0 8 4 5 4 7 6 0 0 0 5.66666666667
6 0 9 3 0 6 0 0 4 0 5.6
0 4 10 4 1 7 0 0 9 0 5.83333333333
9 6 3 3 7 0 0 7 10 0 5.625
4 3 0 1 0 0 0 0 0 0 2.0
0 0 0 9 0 6 8 8 5 0 6.0
4 10 2 0 9 0 0 0 3 0 4.66666666667
0 2 3 0 6 5 1 0 0 0 3.4
3 4 0 0 0 10 0 0 1 5 4.6
0 0 7 0 5 0 0 2 0 0 4.66666666667
0 10 0 0 0 0 2 0 0 0 6.0
10 0 0 0 2 1 0 3 0 7 3.83333333333
1 7 9 0 0 0 0 3 0 0 4.0
0 3 9 0 2 0 8 0 2 5 4.83333333333
0 0 3 7 0 0 0 0 0 0 2.5
5 0 0 0 0 0 0 0 5 0 5.0
0 0 0 0 2 3 0 0 0 0 2.5
10 0 0 9 0 0 0 8 0 6 6.6
8 0 0 8 0 0 2 5 9 4 4.5
0 0 10 0 5 8 0 0 5 0 7.0
7 1 0 0 1 7 0 0 0 8 4.8
0 0 7 0 0 0 0 2 0 0 3.0
0 7 0 10 0 0 0 10 0 0 9.0
4 0 0 4 0 0 3 0 6 0 3.4
0 4 0 0 4 0 3 8 7 0 5.2
0 1 8 0 0 0 0 7 1 3 4.0
0 6 0 0 2 0 0 3 4 9 4.8
0 10 0 0 7 0 3 0 0 0 5.0
5 0 0 10 0 9 0 0 2 0 6.5
0 0 2 0 6 0 0 3 5 1 3.4
0 0 0 0 0 2 4 2 0 0 2.0
8 0 7 0 8 0 0 8 0 0 7.75
4 0 0 0 0 8 0 0 5 6 4.6
4 0 9 2 8 0 1 4 4 0 4.57142857143
0 0 10 0 3 5 0 1 5 10 5.66666666667
0 0 9 0 0 0 1 4 0 0 2.8
8 1 0 6 0 0 0 10 0 0 4.16666666667
2 3 0 1 9 6 5 6 10 0 5.25
0 0 1 6 6 0 0 8 0 7 5.6
0 4 0 0 3 0 5 0 3 0 3.0
2 0 0 3 0 3 0 10 0 4 3.66666666667
0 0 5 0 9 0 0 9 8 2 6.6
0 6 0 2 2 3 0 0 5 0 3.6
0 2 5 0 0 1 0 0 6 0 3.5
4 2 5 8 10 0 0 0 0 0 5.8
0 4 0 1 0 0 5 3 10 0 3.83333333333
2 0 0 0 0 0 5 1 9 0 3.4
0 2 5 0 0 0 4 0 0 8 3.8
6 7 0 4 0 10 0 0 5 0 6.4
0 7 0 5 0 9 8 0 0 10 7.8
0 10 6 0 8 0 4 0 0 0 7.0
3 10 1 0 0 6 9 0 1 0 4.28571428571
7 10 9 0 8 0 7 4 0 0 7.5
0 4 1 0 3 7 5 0 6 0 4.33333333333
0 0 0 3 7 0 0 0 0 0 5.0
1 0 2 4 0 9 4 0 0 0 4.0
1 0 0 10 0 7 0 3 8 0 4.83333333333
3 0 7 9 7 4 0 7 0 0 6.16666666667
0 0 0 8 0 8 5 0 0 0 7.0
4 0 0 6 10 0 0 0 7 0 5.4
2 1 10 0 0 3 0 0 0 7 3.83333333333
0 4 0 0 8 0 0 9 0 0 7.0
0 0 0 9 0 7 6 0 7 0 5.8
5 5 3 0 6 0 5 0 0 3 4.5
1 6 0 5 0 0 9 0 0 0 5.25
0 5 8 0 5 3 0 0 0 0 5.25
0 1 0 7 3 6 10 9 0 5 5.85714285714
0 0 4 7 0 6 0 7 0 3 5.4
8 3 4 0 0 0 0 0 0 4 3.16666666667
0 8 0 2 4 4 0 1 0 0 3.16666666667
0 0 7 8 0 8 0 0 0 7 7.5
9 3 0 6 8 8 0 0 0 0 6.8
0 0 0 0 6 7 0 0 0 0 6.5
0 9 0 0 6 0 5 9 7 0 7.2
2 0 6 8 0 10 3 0 8 0 6.16666666667
0 3 0 0 2 0 0 0 0 0 1.66666666667
0 0 8 5 0 0 0 10 1 0 6.0
0 8 10 0 0 0 0 10 0 4 6.4
10 0 1 0 4 2 2 10 0 2 4.42857142857
2 8 4 0 7 2 3 0 0 9 5.0
4 0 7 0 0 6 2 2 0 8 4.83333333333
0 0 0 0 0 7 0 4 0 4 3.75
0 10 0 3 1 0 10 0 0 1 5.0
10 0 0 3 5 1 0 1 0 0 4.0
0 6 0 0 0 5 3 2 0 0 3.2
0 0 9 0 0 0 4 8 0 5 4.33333333333
3 0 3 0 1 0 0 10 0 0 4.25
8 8 0 0 4 9 1 0 0 4 5.66666666667
8 1 3 9 5 0 6 0 4 0 5.14285714286
8 2 0 10 0 7 3 0 5 3 4.75
5 9 0 0 10 0 9 0 0 6 7.8
8 0 0 0 6 4 4 7 0 0 5.8
7 0 0 0 0 0 0 2 6 8 5.75
0 0 0 2 8 0 0 3 0 3 4.0
0 2 0 0 9 0 0 0 9 7 6.75
4 8 8 0 2 2 7 1 8 9 5.44444444444
8 0 2 0 7 9 9 0 3 0 5.42857142857
0 0 8 10 6 0 4 3 5 0 6.0
9 0 0 0 0 0 9 4 10 4 5.14285714286
0 0 0 2 3 6 4 9 0 4 4.66666666667
10 0 3 0 8 7 0 0 0 0 7.0
5 0 0 5 0 0 8 3 3 3 4.5
6 10 0 5 0 0 0 0 0 3 6.0
8 7 4 0 0 0 1 0 9 0 5.8
0 1 0 2 0 0 0 0 0 0 0.5
0 0 0 0 8 5 0 0 9 5 5.4
2 3 0 0 10 0 0 5 0 7 5.4
1 0 0 0 0 7 7 10 7 0 5.33333333333
1 0 0 0 0 0 0 0 4 0 2.5
6 4 4 0 8 0 0 0 0 0 5.5
1 8 0 0 0 6 0 6 0 6 4.5
8 0 2 7 0 5 6 8 0 0 5.14285714286
0 4 7 0 0 0 7 10 0 6 4.85714285714
7 5 0 0 0 1 7 9 0 0 5.8
0 0 9 9 0 0 0 10 3 0 6.2
0 0 8 0 2 3 0 2 0 0 3.75
0 0 0 0 0 3 6 1 0 2 2.4
7 0 5 1 0 0 0 0 0 2 3.0
0 0 0 2 0 0 0 0 0 9 5.5
3 0 6 0 9 8 7 0 6 0 5.57142857143
7 0 10 0 10 2 9 0 0 0 6.33333333333
0 6 5 0 5 0 9 5 0 4 5.66666666667
10 0 1 0 3 9 0 1 0 7 4.42857142857
0 10 0 0 0 3 8 0 7 0 5.6
8 0 3 0 9 0 0 3 0 3 4.33333333333
0 2 0 4 0 0 7 0 3 0 4.0
0 0 0 0 10 5 10 0 2 3 5.0
1 2 4 0 0 2 0 4 0 0 2.6
9 0 0 0 8 0 1 0 0 0 4.5
0 0 5 3 0 10 4 0 9 0 6.2
0 0 5 3 9 3 10 0 1 1 4.57142857143
5 0 0 0 0 9 0 3 3 0 5.0
3 1 5 3 5 0 7 7 0 5 4.0
8 3 9 0 6 9 3 0 0 8 6.57142857143
9 2 2 2 0 6 7 3 0 0 4.42857142857
0 0 0 7 0 6 7 0 5 0 6.25
5 3 9 4 0 8 0 0 0 0 4.14285714286
10 0 0 0 0 0 0 0 10 2 7.33333333333
0 7 10 6 0 2 8 0 1 3 5.28571428571
0 0 0 0 0 0 0 5 0 0 1.66666666667
10 7 0 9 10 0 1 6 10 0 7.57142857143
5 0 0 0 10 0 5 0 2 0 4.4
6 0 0 7 0 1 9 0 0 0 4.6
1 0 0 0 3 0 0 0 0 0 1.33333333333
3 0 0 0 0 4 0 0 0 0 3.5
3 0 0 5 0 5 0 0 7 6 5.2
5 0 0 0 10 0 0 0 6 0 7.0
6 0 0 0 0 0 2 0 7 1 4.0
0 3 0 8 8 3 0 0 0 0 5.5
8 7 7 4 1 0 0 0 5 9 5.85714285714
0 7 0 0 0 0 3 2 4 2 3.0
1 0 7 0 0 0 0 9 10 3 6.0
0 0 5 0 6 0 0 0 0 0 5.5
0 0 10 0 6 3 0 0 0 0 6.33333333333
0 0 0 9 0 7 0 0 8 0 6.0
1 3 10 0 0 2 0 1 7 0 4.0
0 0 0 1 0 8 5 7 0 0 5.25
5 0 8 4 5 0 0 9 4 0 5.83333333333
0 1 6 0 1 1 2 0 6 0 2.42857142857
0 0 0 1 5 0 0 10 0 1 3.4
4 0 0 0 5 5 0 6 0 0 5.0
0 4 0 0 5 0 0 0 0 0 4.5
0 0 6 0 0 10 0 7 8 0 6.2
0 5 0 0 6 1 0 0 5 0 4.25
6 6 0 0 9 10 4 0 0 1 6.0
4 0 0 0 0 7 0 0 0 0 3.66666666667
1 0 0 7 6 9 0 5 0 4 4.0
0 2 5 8 8 0 3 0 0 0 5.2
3 10 6 0 0 0 10 0 8 0 7.4
0 8 10 1 5 0 2 0 0 6 4.57142857143
0 0 0 0 8 0 3 1 7 0 3.8
0 6 0 0 8 0 5 0 0 4 3.83333333333
8 5 0 0 0 6 8 0 0 0 6.75
5 0 0 0 3 0 1 4 9 0 3.14285714286
6 0 0 3 0 0 0 1 0 0 2.5
0 0 0 0 0 5 0 5 9 2 5.25
0 0 3 0 4 5 3 4 5 0 4.0
0 10 2 7 0 0 1 0 0 0 4.0
1 0 0 4 0 0 0 0 5 10 4.0
0 9 0 6 2 0 0 8 0 5 6.0
3 4 0 0 0 0 0 0 1 0 2.0
9 6 0 7 9 6 9 3 5 0 6.75
0 0 4 4 0 0 2 3 0 8 4.2
0 9 0 0 1 8 2 1 7 0 4.66666666667
0 0 4 10 0 0 2 0 4 0 5.0
0 3 0 6 0 0 0 0 2 4 3.0
9 0 0 7 3 0 1 0 7 4 5.16666666667
0 0 5 10 0 0 0 0 9 8 8.0
0 6 0 0 0 0 0 5 0 0 3.66666666667
7 0 0 9 0 0 0 0 10 0 8.66666666667
1 0 0 0 0 8 0 6 0 0 3.75
0 4 0 7 0 0 9 1 0 0 5.25
0 2 9 0 3 9 1 9 0 0 4.71428571429
2 0 0 2 6 0 0 2 6 0 3.6
0 0 1 0 0 0 3 4 0 4 3.0
3 0 0 0 3 0 0 0 8 0 4.66666666667
9 5 5 0 0 0 0 10 0 7 7.2
0 2 0 0 7 0 5 0 0 2 4.0
5 0 6 0 0 0 0 4 0 6 5.25
0 1 3 4 1 5 0 3 0 0 2.83333333333
0 0 0 5 4 0 0 0 1 6 4.0
0 0 9 0 1 10 2 0 0 0 5.5
5 0 0 0 1 0 10 0 0 0 3.2
8 6 1 7 9 10 7 0 0 0 6.85714285714
0 9 6 8 0 0 9 9 7 3 7.28571428571
0 8 0 0 0 8 5 0 10 0 6.2
0 0 6 1 0 0 0 4 0 2 3.25
0 5 2 6 6 4 0 0 9 0 5.33333333333
0 1 0 1 2 0 0 6 0 0 2.0
3 0 3 0 0 0 8 9 4 0 5.4
3 4 2 8 4 0 2 8 2 0 3.66666666667
0 0 0 10 0 0 0 2 0 0 6.0
5 9 9 0 0 0 3 0 0 0 5.2
5 0 2 5 7 3 0 0 0 7 4.14285714286
0 0 10 4 0 0 0 6 6 1 5.4
0 9 0 4 0 5 0 0 5 5 4.66666666667
10 0 0 2 7 3 1 0 6 8 5.28571428571
1 0 0 0 0 1 7 6 9 4 4.66666666667
8 0 0 0 2 0 0 0 0 0 5.0
0 0 3 0 1 6 0 0 0 0 3.33333333333
0 7 0 10 0 9 1 0 1 0 4.66666666667
1 8 0 1 5 5 5 3 7 4 4.33333333333
0 1 0 5 0 0 0 3 0 10 4.75
10 0 10 9 3 0 2 1 0 3 5.42857142857
0 4 0 10 0 0 0 1 0 3 4.5
0 0 0 8 1 0 0 7 0 2 4.5
3 0 0 0 2 0 1 9 8 0 4.6
10 0 0 0 9 0 0 6 10 0 7.0
0 4 0 0 0 0 0 4 0 0 4.0
0 4 4 0 0 0 0 0 0 7 3.75
0 0 0 0 9 0 0 10 0 0 9.5
0 0 7 5 6 1 0 0 0 0 4.75
0 8 3 5 0 8 8 0 0 7 6.5
3 0 8 9 0 5 4 3 0 9 5.85714285714
6 9 8 5 0 0 0 0 0 0 7.0
0 0 3 10 4 0 0 8 0 0 4.16666666667
0 0 0 0 2 0 8 0 3 0 3.25
2 1 1 10 9 0 0 0 0 3 4.33333333333
3 10 4 5 0 1 0 10 0 4 5.28571428571
0 1 0 0 4 0 3 8 7 7 5.0
0 0 0 1 10 0 0 2 0 2 2.5
2 7 1 9 9 0 0 5 7 0 5.0
1 2 0 10 0 0 10 0 0 7 5.0
0 0 0 0 0 6 1 2 10 0 3.8
0 0 6 9 8 0 5 0 0 7 7.0
4 2 0 1 0 9 5 0 7 0 4.66666666667
3 0 0 2 0 0 2 4 6 0 3.4
0 0 8 0 0 5 6 7 0 1 3.85714285714
2 5 2 0 0 0 0 7 7 0 4.6
0 0 1 0 0 8 1 6 3 3 3.66666666667
8 0 2 0 10 0 3 1 0 0 3.42857142857
9 10 1 5 0 0 0 6 7 0 6.33333333333
8 0 0 2 0 0 0 0 0 0 5.0
0 10 0 9 0 8 5 4 0 0 7.2
0 0 0 0 7 0 0 0 0 9 5.33333333333
0 0 0 0 4 7 0 0 0 7 4.5
0 4 3 0 5 0 0 0 3 0 3.0
0 0 3 7 3 0 3 0 0 0 4.0
0 0 0 5 2 0 0 0 0 0 2.33333333333
0 0 0 5 0 0 0 7 1 0 4.33333333333
0 0 1 0 1 0 6 3 8 3 2.75
0 6 0 0 7 7 0 9 9 5 7.16666666667
4 0 0 0 0 0 4 0 3 3 3.5
2 5 0 4 1 5 8 2 1 0 3.5
0 1 0 0 0 0 0 7 10 0 6.0
0 0 0 10 0 0 0 0 0 10 10.0
10 6 1 0 7 7 0 0 0 9 6.66666666667
7 0 0 0 0 0 9 2 6 4 5.6
0 3 7 0 0 2 0 2 0 9 4.6
0 4 2 7 0 0 4 0 0 0 4.25
9 4 10 0 0 0 5 0 0 10 7.6
0 6 0 9 4 0 0 0 0 0 6.33333333333
0 0 0 0 9 0 0 3 9 3 4.8
5 0 0 0 0 7 0 0 6 0 3.6
5 7 9 0 0 0 0 6 6 6 6.5
0 9 5 0 1 0 0 9 2 0 5.2
0 4 0 0 0 0 0 0 8 2 3.5
4 8 1 0 3 0 0 0 0 2 3.6
2 0 0 4 8 7 2 0 9 0 5.33333333333
6 2 5 1 0 4 0 10 4 7 4.875
0 0 0 0 3 7 1 3 0 6 4.0
10 0 0 0 2 0 0 5 0 0 3.4
1 0 8 0 0 0 8 0 0 7 6.0
0 3 3 8 0 0 6 4 6 2 4.57142857143
10 0 5 0 0 10 0 0 0 0 8.33333333333
2 5 3 0 0 3 6 10 0 0 4.14285714286
9 0 0 0 0 6 0 10 7 0 6.4
6 4 1 8 4 0 0 0 9 0 5.33333333333
10 0 5 0 8 5 8 0 0 4 6.66666666667
4 9 4 0 0 8 6 0 0 5 6.0
10 4 2 0 0 0 9 6 6 2 5.57142857143
0 6 0 8 6 6 0 0 4 0 4.28571428571
8 0 0 0 0 0 2 0 9 0 6.33333333333
0 3 4 0 0 9 3 0 10 9 6.33333333333
0 10 4 5 10 0 3 0 3 0 5.83333333333
9 2 0 0 0 10 0 1 0 3 5.0
8 10 2 10 9 5 0 0 0 0 6.28571428571
0 0 4 10 0 0 0 0 1 8 4.6
1 0 2 6 0 0 0 10 7 0 5.2
4 4 5 0 9 0 3 0 4 0 4.14285714286
0 1 9 5 0 0 0 0 1 0 3.2
0 0 0 5 0 2 9 0 9 0 5.0
0 0 0 0 0 0 0 2 0 0 2.0
7 0 0 8 6 0 7 0 0 1 4.83333333333
0 2 0 0 0 6 0 2 4 0 3.5
0 2 0 8 10 6 2 0 4 0 5.33333333333
0 3 0 5 0 0 5 0 4 1 3.0
0 6 0 0 0 9 0 0 0 0 7.5
0 2 0 7 6 0 0 5 0 6 4.33333333333
0 1 0 1 8 0 0 0 0 0 3.33333333333
0 0 10 1 0 0 4 4 0 1 4.0
0 3 1 8 0 3 0 2 5 9 4.42857142857
1 4 0 8 4 0 0 0 0 4 4.2
0 0 0 7 0 6 0 9 4 0 6.5
0 6 2 0 10 3 0 0 9 0 6.0
0 1 0 6 0 3 0 2 0 0 3.0
0 0 2 4 2 0 10 6 10 1 5.0
1 9 0 0 4 0 7 5 0 0 5.2
0 0 0 0 7 9 4 0 0 4 6.0
10 4 0 0 0 0 0 5 3 0 5.5
0 9 0 0 5 1 0 0 7 2 4.8
0 0 1 0 0 0 0 3 0 5 3.0
5 4 0 6 3 0 0 3 3 0 4.0
3 7 0 7 0 8 8 0 9 0 7.0
7 8 0 4 0 10 10 3 10 0 7.42857142857
7 0 0 7 7 5 0 7 0 1 5.66666666667
0 7 2 1 0 0 0 9 0 0 3.8
0 0 0 0 0 8 0 0 10 0 9.0
3 0 0 6 3 0 0 0 0 0 4.0
0 8 1 0 2 6 0 10 1 0 4.66666666667
8 0 3 0 6 8 5 5 7 3 5.625
6 0 10 0 0 0 0 0 0 7 4.6
0 4 0 0 8 0 0 0 10 8 6.0
0 0 6 0 0 4 8 0 0 10 5.6
0 0 0 0 0 5 0 0 0 0 2.5
0 0 3 0 0 0 0 0 1 9 4.33333333333
0 0 0 8 9 0 10 10 2 0 6.5
0 0 10 0 0 0 0 0 0 0 5.0
4 0 0 7 0 0 0 0 5 0 5.33333333333
0 0 6 1 8 3 6 3 0 0 4.5
0 5 8 6 5 4 0 9 0 0 6.16666666667
5 5 6 0 0 0 10 5 0 1 4.57142857143
1 0 2 0 0 0 2 0 0 0 1.0
0 0 0 0 4 0 0 0 0 0 4.0
0 4 5 0 7 0 10 0 0 0 5.2
6 0 6 0 1 0 3 0 0 10 5.2
0 4 0 0 0 0 0 0 0 0 2.0
4 0 0 0 6 10 0 2 3 1 3.71428571429
0 0 9 7 0 0 9 2 3 0 6.0
0 0 0 0 0 7 0 0 0 5 4.0
0 8 8 10 9 0 0 0 0 9 8.8
8 5 3 0 1 0 9 9 1 10 5.75
0 0 0 0 3 6 0 0 0 10 6.33333333333
0 0 0 2 0 0 0 0 0 8 5.0
0 10 0 0 0 0 5 6 1 0 4.4
3 2 8 5 0 0 6 7 10 1 4.66666666667
0 0 7 7 0 10 7 0 0 1 6.4
0 10 0 9 0 0 7 2 3 0 6.2
6 2 0 0 0 0 0 0 0 0 2.66666666667
0 7 0 0 0 4 0 0 2 0 4.33333333333
0 2 2 0 0 0 0 0 7 0 3.66666666667
0 0 0 1 0 0 0 0 0 9 5.0
0 6 8 1 9 0 0 0 0 0 4.8
6 0 7 0 0 7 0 1 8 4 4.71428571429
8 0 0 5 0 0 0 6 0 0 4.75
0 6 0 0 0 5 3 0 0 0 4.66666666667
0 10 2 0 0 6 0 0 4 0 4.4
0 1 1 0 0 8 0 0 8 0 3.6
0 0 9 3 0 0 0 0 0 0 4.0
0 3 0 5 0 0 5 9 0 6 5.6
5 9 0 1 0 6 0 7 0 0 5.6
3 0 0 0 0 0 0 0 0 0 3.0
0 1 0 1 1 4 0 2 0 0 1.8
6 5 0 0 2 3 0 0 5 0 4.2
0 0 10 5 5 6 5 5 0 3 5.57142857143
0 5 0 0 0 0 0 7 0 10 7.33333333333
0 10 8 5 4 0 0 0 9 0 7.2
0 0 0 0 10 0 0 4 3 0 4.25
0 10 0 0 8 9 5 0 9 4 6.42857142857
0 2 0 4 0 0 0 0 0 0 2.0
2 0 10 0 0 8 0 2 8 9 6.5
0 0 0 8 8 1 0 0 0 0 5.66666666667
0 0 0 0 9 0 0 6 0 7 5.5
9 6 0 0 4 0 0 0 1 0 5.0
0 2 6 0 0 0 0 0 2 0 2.5
0 8 8 0 3 0 0 0 9 9 6.16666666667
1 0 0 1 3 8 0 0 6 0 3.8
0 8 0 0 0 5 0 2 10 0 5.0
0 10 3 0 0 0 0 0 2 0 5.0
0 0 0 1 1 0 0 5 9 7 4.6
0 3 0 0 0 8 0 6 3 5 5.0
5 0 0 0 0 0 0 3 0 5 3.25
4 6 0 3 5 6 0 1 7 0 4.57142857143
0 0 0 0 0 0 1 4 6 7 3.6
0 0 0 4 0 5 0 1 9 10 5.8
2 3 0 10 0 8 0 0 0 0 4.6
0 0 4 0 9 0 4 0 9 9 7.0
10 7 0 7 0 3 0 0 10 0 7.4
0 3 0 9 9 9 2 0 5 0 6.16666666667
0 0 3 10 2 0 0 0 5 4 4.0
0 3 0 0 7 0 5 0 0 9 6.0
8 0 6 5 0 0 4 0 6 0 5.8
0 0 0 0 10 0 0 0 10 5 6.25
6 0 0 1 3 10 4 0 10 6 5.0
9 0 0 0 8 10 5 10 7 0 7.0
6 0 0 6 0 0 0 3 5 5 3.57142857143
8 0 0 0 0 0 6 0 3 0 5.66666666667
6 8 5 6 3 0 0 5 8 0 5.85714285714
0 2 0 0 5 8 1 1 10 4 3.875
0 8 7 5 0 0 6 0 0 0 5.2
0 9 0 0 7 8 7 0 9 0 8.0
3 0 2 3 0 5 2 2 6 0 3.28571428571
3 9 5 4 6 0 0 0 0 0 5.4
0 5 0 0 0 0 7 10 4 0 6.5
4 7 9 0 5 0 0 0 3 1 4.83333333333
7 0 10 7 0 9 0 5 9 3 7.14285714286
0 8 2 7 0 0 0 10 0 0 6.75
0 0 0 6 3 7 0 9 4 0 5.8
0 0 2 0 8 1 0 2 0 2 3.0
10 5 0 9 0 0 7 0 3 5 5.57142857143
0 3 8 0 0 0 1 0 0 0 4.0
0 0 0 0 0 0 8 0 0 0 2.66666666667
0 6 0 0 10 0 0 4 10 4 6.8
0 10 7 5 8 8 4 0 8 5 6.875
5 3 10 0 5 0 0 6 0 0 5.8
10 0 3 0 1 5 0 0 5 0 4.8
3 0 0 5 0 0 4 0 0 6 3.6
0 0 9 0 0 1 0 7 8 2 5.4
9 2 4 2 0 4 0 0 0 0 4.2
0 0 4 3 10 0 0 0 9 1 4.5
3 1 5 0 0 0 0 6 4 9 4.66666666667
4 4 6 2 0 1 7 0 0 0 4.0
2 0 0 0 0 10 0 0 0 8 6.66666666667
0 0 0 10 0 0 0 0 2 7 6.33333333333
0 0 0 0 0 9 0 0 0 1 3.33333333333
0 6 0 0 0 6 9 7 10 2 6.66666666667
0 1 3 0 1 0 6 4 0 0 2.5
0 5 5 0 5 2 0 2 0 0 3.8
3 0 8 0 0 0 0 10 0 0 7.0
0 0 0 0 0 0 0 0 9 7 5.33333333333
5 6 4 0 1 0 10 0 0 4 5.0
0 3 0 0 0 5 0 0 0 8 5.33333333333
1 7 0 6 0 0 2 0 4 6 4.33333333333
0 2 3 3 0 5 4 3 3 0 2.875
5 8 0 4 2 6 0 9 10 0 5.5
0 0 5 7 7 10 0 0 0 0 5.8
9 3 0 7 2 0 8 8 0 0 6.16666666667
2 0 7 0 0 1 4 0 3 0 3.4
2 2 0 0 0 8 0 0 2 10 4.8
0 0 5 0 0 5 9 0 0 8 6.75
8 5 3 0 7 7 0 0 5 9 4.88888888889
0 0 0 0 0 9 0 0 0 3 4.0
0 9 0 0 9 0 8 0 8 0 6.8
0 0 0 0 0 0 10 0 0 0 5.0
0 8 0 3 6 9 0 0 0 4 4.28571428571
0 4 0 5 1 0 3 8 10 2 4.125
0 0 0 0 5 0 10 0 1 0 3.2
0 0 2 0 3 0 0 8 0 6 4.75
8 0 0 0 0 10 0 0 6 7 7.75
5 0 4 0 0 0 2 0 4 5 3.33333333333
6 6 0 4 0 0 0 8 10 0 5.66666666667
0 0 0 0 0 5 0 4 0 0 3.0
0 0 0 0 0 1 4 0 0 0 1.66666666667
0 4 2 0 10 0 5 0 8 0 5.8
0 0 5 4 0 0 1 0 6 3 3.16666666667
0 0 0 7 0 0 0 0 0 10 8.5
5 1 0 0 0 4 0 5 0 0 3.0
0 2 8 4 0 7 0 0 9 0 5.0
7 0 5 0 0 5 0 0 0 2 4.75
0 0 0 0 0 0 4 0 0 0 1.33333333333
2 0 0 0 4 0 0 8 5 0 3.8
0 0 0 0 6 9 0 0 0 0 3.0
1 1 0 5 0 0 8 5 0 0 4.0
2 0 0 0 8 5 0 4 3 8 3.75
3 8 0 8 6 0 0 8 5 0 6.33333333333
0 0 0 0 7 0 0 6 0 4 5.66666666667
0 0 0 0 3 0 9 2 0 0 2.33333333333
0 0 0 0 0 0 8 6 0 9 7.66666666667
8 10 2 0 3 0 4 0 4 0 5.16666666667
6 5 0 7 2 0 8 0 1 0 4.83333333333
10 0 9 0 0 0 2 0 0 0 7.0
0 0 3 0 6 5 8 1 0 0 3.83333333333
0 0 0 0 0 4 5 10 0 1 5.0
0 0 0 0 0 0 0 2 6 8 4.0
0 3 0 0 9 0 1 6 0 0 3.8
8 0 0 0 0 6 2 8 10 0 6.8
9 5 0 8 0 0 0 0 9 0 7.75
2 9 0 10 0 4 0 0 0 0 6.25
0 10 0 0 3 4 0 3 2 4 4.33333333333
0 0 8 2 0 0 5 0 1 3 3.16666666667
10 0 0 6 6 2 10 0 0 0 5.66666666667
7 0 8 8 9 0 0 7 0 8 7.83333333333
0 0 0 8 0 4 0 0 9 0 3.5
7 2 2 0 4 0 4 0 0 1 2.85714285714
0 0 9 0 8 0 0 0 0 8 8.33333333333
2 0 2 0 2 0 5 0 3 0 2.8
0 5 10 0 2 0 9 0 5 9 6.66666666667
0 0 0 5 7 8 8 0 0 10 6.33333333333
8 4 8 9 6 0 0 0 0 0 7.0
0 0 5 5 6 8 0 3 9 10 5.11111111111
0 0 0 7 7 0 0 6 2 4 5.2
0 5 0 0 5 6 7 0 4 0 5.4
5 6 5 0 0 0 0 1 5 4 4.33333333333
0 9 1 0 0 0 0 0 0 6 5.33333333333
10 5 0 4 9 5 3 10 0 9 6.875
0 6 0 0 0 0 0 10 0 8 8.0
0 0 9 0 2 4 0 6 8 3 4.57142857143
0 6 0 3 0 7 5 9 9 0 5.57142857143
4 0 0 6 0 0 0 9 0 0 6.33333333333
8 10 10 0 8 0 0 7 0 6 8.16666666667
8 4 3 2 8 0 3 0 4 9 5.125
5 0 7 0 0 0 3 0 1 9 5.0
0 0 3 0 0 0 0 0 9 8 6.66666666667
0 0 7 8 0 2 0 4 1 0 3.66666666667
0 6 0 0 0 0 0 3 5 1 3.0
4 1 9 0 0 0 10 0 0 0 4.8
0 3 5 8 6 0 0 8 9 0 6.5
0 3 6 0 0 3 0 0 9 0 4.2
0 0 10 0 1 0 0 0 0 0 5.5
0 4 10 4 0 1 6 0 5 0 4.28571428571
0 9 0 0 3 0 10 9 0 4 7.0
0 10 0 2 1 0 4 0 0 6 4.6
9 0 6 0 0 0 4 0 6 0 6.25
0 3 0 10 0 0 8 0 0 0 7.0
0 3 5 1 0 0 2 3 0 0 2.8
4 0 0 0 2 1 4 0 2 0 2.6
9 1 0 7 5 0 9 0 0 1 5.33333333333
8 0 0 7 0 3 8 1 0 5 4.57142857143
0 0 0 4 0 0 0 3 2 0 3.0
10 2 0 9 0 0 5 0 0 5 6.2
0 0 4 2 4 3 0 10 0 0 4.6
0 1 0 7 0 0 0 0 0 0 2.66666666667
0 6 2 0 2 9 0 0 0 8 4.5
1 6 3 0 5 0 0 0 0 0 3.0
0 0 7 0 8 5 0 0 5 0 5.0
0 0 0 10 10 7 0 0 0 0 6.75
0 6 0 3 4 0 5 0 8 0 5.2
0 2 0 4 1 6 10 0 7 0 4.28571428571
0 3 0 2 7 3 10 2 1 9 4.625
7 1 8 0 0 0 0 0 0 9 5.0
0 2 0 1 1 5 3 0 0 5 2.83333333333
0 5 10 0 0 0 0 0 10 0 6.25
0 0 0 3 5 1 7 0 0 0 4.0
9 0 0 0 9 0 7 6 0 0 7.75
0 0 0 0 0 0 3 0 0 0 1.5
4 8 0 10 6 0 0 8 4 4 6.28571428571
4 6 4 0 4 3 10 1 0 6 4.22222222222
2 5 0 0 1 0 0 9 0 6 3.28571428571
3 5 4 0 0 3 7 9 7 0 5.42857142857
1 7 3 0 9 2 4 0 4 1 3.875
0 4 0 0 7 5 0 0 0 0 5.33333333333
0 8 3 0 0 0 7 0 2 0 5.0
0 0 0 0 0 9 0 0 0 0 9.0
0 7 5 10 8 0 0 0 1 0 6.2
8 0 3 10 0 0 1 9 1 10 6.0
0 0 10 0 0 1 0 0 7 0 6.0
0 10 3 0 0 4 0 0 4 7 5.6
4 0 4 0 0 3 0 0 2 4 2.83333333333
2 1 3 0 0 8 5 0 0 0 3.8
3 0 6 3 0 0 0 0 5 0 4.25
0 0 4 3 0 0 0 7 5 5 4.8
0 0 0 0 0 5 0 5 10 2 5.5
2 8 2 9 8 4 0 3 0 10 5.75
3 0 8 0 0 0 0 0 0 10 5.25
0 0 1 0 0 6 0 0 3 2 2.4
9 0 4 0 7 0 0 0 0 7 6.75
9 0 0 0 0 3 0 9 7 0 7.0
0 2 7 6 0 1 0 2 0 0 3.6
1 0 0 0 0 8 6 6 8 6 5.83333333333
3 9 0 7 6 0 0 0 0 0 3.57142857143
9 8 0 0 0 10 0 0 5 0 8.0
10 0 8 0 0 0 0 0 7 6 6.2
2 0 0 6 0 0 0 4 0 5 4.25
7 0 5 5 0 9 0 0 0 4 6.0
4 0 0 0 10 1 0 9 0 2 5.2
0 2 0 5 3 0 0 0 0 0 3.33333333333
9 0 9 8 0 8 2 0 0 6 7.0
0 5 0 0 0 0 0 0 7 5 5.66666666667
0 0 1 5 0 0 0 0 8 4 3.6
10 0 0 0 0 0 0 7 8 2 5.4
8 0 0 0 0 0 0 0 0 0 8.0
1 0 6 9 0 8 2 0 8 6 5.71428571429
0 0 0 0 0 0 0 0 1 3 1.0
0 0 1 2 6 0 0 6 8 2 4.16666666667
10 0 0 0 0 0 0 3 2 9 6.0
0 0 1 6 2 4 0 0 7 5 4.16666666667
0 6 9 3 0 0 2 0 0 0 4.0
0 0 0 0 0 0 0 0 6 9 7.5
0 0 0 2 0 10 0 0 0 2 4.66666666667
0 10 0 0 0 0 1 0 0 0 5.5
1 3 5 0 0 0 0 7 0 5 4.2
0 0 0 0 0 10 6 0 4 0 6.66666666667
0 0 10 0 0 0 0 0 0 0 10.0
7 0 0 0 0 5 0 0 0 0 3.0
4 0 0 9 2 1 0 0 0 0 3.2
0 10 1 0 4 8 3 10 0 8 6.28571428571
8 0 0 3 9 0 8 7 0 0 7.0
3 0 0 0 0 0 0 0 9 0 4.0
7 10 0 10 0 0 2 0 0 2 5.16666666667
8 0 0 0 9 0 2 0 3 0 5.5
4 0 0 0 9 5 10 5 1 5 5.57142857143
0 10 9 0 0 0 6 8 0 4 7.4
10 7 0 0 0 0 0 0 0 0 5.66666666667
8 0 0 0 4 4 0 0 0 4 4.0
0 10 0 9 0 0 9 0 1 7 7.2
3 0 5 3 8 0 4 2 5 10 5.0
0 0 0 0 0 0 0 0 0 8 4.0
0 0 0 0 0 5 7 0 7 0 4.75
0 10 0 3 8 1 0 0 0 5 5.4
0 2 6 0 0 2 0 0 2 0 2.4
6 1 0 4 1 0 0 1 4 5 3.14285714286
0 0 1 0 4 0 0 7 4 6 4.4
6 0 0 10 0 0 0 0 0 0 8.0
0 0 0 7 0 0 6 0 3 1 3.4
0 0 0 0 0 0 0 0 0 0 0.0
9 7 0 2 3 0 0 1 0 0 3.66666666667
0 5 10 4 0 0 1 0 0 8 4.66666666667
0 0 0 0 1 0 0 1 0 5 2.33333333333
4 0 0 7 5 0 8 0 0 0 6.0
7 0 0 0 6 0 7 0 0 0 6.66666666667
5 1 0 7 0 0 0 0 9 6 5.6
0 0 0 0 5 2 9 0 4 0 5.0
0 0 0 0 0 0 0 0 0 5 5.0
0 7 5 0 1 8 0 0 0 2 4.6
5 0 6 0 0 0 0 7 10 7 7.0
0 0 0 0 0 0 1 0 3 10 2.8
0 0 0 5 9 0 4 5 0 5 4.66666666667
0 0 0 6 0 10 0 2 3 0 5.25
0 0 4 6 4 2 9 6 9 0 5.71428571429
0 1 0 0 2 0 0 0 7 4 3.5
0 9 7 0 2 0 0 7 0 10 7.0
2 7 0 8 6 0 0 0 0 7 6.0
2 0 0 6 0 0 5 0 3 7 3.83333333333
0 0 8 1 2 0 5 0 0 3 3.8
6 9 4 7 9 0 0 7 0 2 6.28571428571
7 3 0 10 0 0 1 2 0 0 4.6
8 8 1 5 2 0 0 0 0 0 4.0
0 0 0 0 6 0 10 9 0 0 8.33333333333
0 0 0 0 0 1 0 4 9 0 2.8
0 5 0 2 0 0 0 7 9 8 6.2
5 0 8 1 0 2 4 0 5 10 5.0
7 0 0 0 0 0 0 0 0 9 8.0
0 0 0 0 1 5 0 2 6 0 3.5
0 0 0 0 0 1 0 1 0 9 3.66666666667
0 4 0 0 0 8 3 0 5 7 5.4
0 0 0 0 2 0 0 0 0 3 1.66666666667
0 3 0 0 0 4 4 0 0 0 3.66666666667
0 0 0 0 0 0 6 0 10 0 4.0
4 0 0 0 0 0 3 3 0 9 3.8
5 10 5 1 1 0 0 9 7 0 5.42857142857
2 4 0 0 0 6 0 0 0 0 2.4
6 2 0 2 0 4 2 1 5 6 3.11111111111
10 0 0 8 0 2 0 0 0 10 6.0
7 0 0 0 0 0 3 0 8 1 4.75
5 4 0 0 2 4 3 0 0 0 2.57142857143
5 6 10 0 3 6 8 1 10 0 5.44444444444
0 8 5 6 0 0 0 0 1 3 3.83333333333
0 0 6 6 9 5 0 2 9 0 6.16666666667
0 0 9 0 0 0 7 2 1 0 4.75
0 0 0 7 8 10 0 3 3 0 6.2
0 7 0 3 0 0 0 6 0 0 5.33333333333
0 0 0 0 0 0 3 10 7 0 6.66666666667
0 6 0 0 8 0 4 0 0 0 6.0
0 0 0 9 2 0 0 0 0 5 2.28571428571
0 6 7 10 0 0 0 8 0 0 6.2
9 0 2 0 5 4 4 0 0 0 4.8
10 0 2 0 5 10 4 6 10 0 6.71428571429
8 0 5 0 2 0 0 6 6 0 5.4
8 0 6 0 4 3 6 0 2 0 4.83333333333
9 1 0 0 0 0 9 0 0 9 7.0
1 2 0 5 7 2 0 0 0 0 3.4
1 0 0 0 0 5 9 7 10 2 4.85714285714
0 0 0 0 0 3 6 0 2 0 3.66666666667
4 9 0 5 0 0 2 0 0 0 4.0
0 7 5 0 1 0 2 0 1 2 2.57142857143
0 5 0 0 0 10 9 1 7 0 6.4
7 0 4 0 0 9 0 0 8 7 5.83333333333
0 1 7 0 0 3 0 2 0 8 4.2
0 0 0 9 0 0 0 0 1 9 4.75
7 7 0 0 0 10 0 3 0 0 6.75
0 0 0 0 0 0 4 0 7 0 3.66666666667
0 0 0 0 0 3 0 2 0 0 1.25
5 0 0 0 0 0 9 7 8 0 7.25
0 7 3 10 0 9 0 9 0 0 7.6
0 1 0 0 0 0 10 0 0 6 4.25
0 8 0 0 4 0 0 0 9 2 5.75
0 9 0 9 0 0 5 0 8 0 6.2
0 0 0 0 0 0 0 2 0 0 1.0
10 8 0 0 4 4 5 9 5 10 6.875
3 2 9 0 5 4 4 3 10 2 4.66666666667
2 9 0 0 6 0 9 0 3 7 6.0
0 5 0 0 0 0 0 0 0 0 5.0
3 0 0 0 5 4 0 2 0 1 3.0
2 1 0 6 2 5 4 0 7 3 3.75
9 0 0 6 0 0 0 6 3 0 4.8
0 4 0 5 0 0 0 0 10 0 6.33333333333
9 0 0 9 6 0 7 0 3 0 5.66666666667
1 0 0 0 0 4 0 9 0 4 4.5
0 5 7 7 7 0 0 6 0 0 4.57142857143
3 5 0 1 0 0 0 0 0 0 2.25
10 8 0 4 0 0 1 3 0 0 5.2
9 0 1 0 8 0 0 0 0 0 6.0
2 0 10 0 5 0 6 0 0 0 5.75
3 0 0 8 3 0 0 0 0 0 3.5
0 0 0 0 0 0 10 0 0 8 9.0
0 5 0 0 1 3 9 9 0 0 5.4
0 9 0 8 0 0 0 0 6 10 8.25
0 7 8 0 4 0 0 0 8 1 5.6
6 0 0 9 0 1 0 0 1 0 3.4
8 0 0 7 2 5 9 0 8 9 6.85714285714
0 6 8 0 8 0 0 4 0 5 6.2
4 7 0 0 9 0 0 0 0 0 6.66666666667
0 1 0 7 0 6 8 0 0 10 6.4
0 0 5 8 0 0 0 4 6 0 5.75
0 0 0 0 6 4 0 0 3 2 2.5
0 0 3 8 3 6 0 8 0 0 4.66666666667
0 7 0 0 0 0 9 0 0 0 8.0
0 0 0 0 0 0 0 0 2 0 2.0
3 0 0 4 0 0 0 2 7 2 3.6
4 8 0 8 0 0 0 7 4 10 6.83333333333
0 0 0 0 0 9 0 0 5 0 4.66666666667
3 0 0 0 0 0 0 0 0 5 2.0
0 0 0 4 7 0 0 0 1 0 3.0
1 9 0 4 2 4 0 2 0 0 3.66666666667
0 2 0 10 2 0 6 2 3 0 3.57142857143
0 0 0 0 7 6 0 10 10 9 7.0
6 0 0 4 4 1 0 0 8 0 4.6
9 0 7 0 0 0 7 3 0 0 6.5
3 0 0 0 6 0 0 10 0 0 6.33333333333
9 0 0 0 10 9 0 0 1 10 7.8
3 0 4 0 8 0 0 0 6 9 5.0
5 0 0 8 6 0 2 0 0 0 4.2
10 0 3 5 0 0 0 8 4 5 5.83333333333
6 4 0 0 0 6 2 0 0 0 3.6
6 6 2 6 4 8 0 0 0 0 5.33333333333
0 2 0 0 0 1 4 10 0 6 3.83333333333
0 0 6 6 0 0 0 0 0 0 2.4
0 0 0 4 3 6 3 0 8 0 4.8
0 8 7 0 2 0 1 0 2 0 4.0
0 0 0 0 0 0 0 0 0 0 0.0
4 0 0 5 6 7 0 4 0 0 4.33333333333
0 0 0 0 0 0 0 0 10 0 5.0
8 1 7 7 0 1 6 8 9 5 5.77777777778
0 0 0 0 0 5 8 0 0 0 6.5
2 0 8 0 0 0 0 2 0 4 3.2
9 9 0 6 0 0 8 7 6 0 7.5
0 2 0 0 0 10 3 0 7 0 5.5
3 7 0 4 7 0 5 0 0 4 5.0
0 5 7 0 7 8 6 0 10 4 6.71428571429
0 0 2 0 9 0 0 0 5 0 4.0
3 0 10 7 4 0 0 0 1 8 5.5
0 0 0 0 9 7 0 9 0 5 6.0
4 9 7 0 1 6 0 0 5 0 4.57142857143
0 4 0 9 8 0 1 0 3 0 5.0
5 0 0 10 9 0 0 0 6 0 5.0
0 0 0 0 0 0 0 0 0 0 0.0
2 0 7 7 5 0 0 0 3 3 3.85714285714
10 10 0 1 5 0 0 0 0 4 6.0
0 0 0 0 9 0 3 10 4 7 4.71428571429
0 0 0 0 10 0 10 0 4 6 6.0
0 3 9 0 0 0 5 0 0 0 5.66666666667
6 2 0 9 0 0 3 0 0 0 4.0
0 7 7 9 0 8 0 6 0 8 7.5
0 8 9 0 0 0 0 0 1 9 5.4
2 0 0 3 0 0 0 6 1 3 2.5
9 0 0 0 9 4 0 0 0 0 7.33333333333
8 7 0 6 2 0 0 0 8 8 6.5
9 0 0 0 0 3 5 0 0 0 4.25
0 1 0 0 0 0 1 0 10 2 2.33333333333
5 0 0 8 10 0 0 7 10 7 7.83333333333
0 0 0 0 3 0 8 4 9 6 5.0
10 0 0 0 0 6 3 6 6 2 4.71428571429
0 5 3 1 5 0 0 10 0 0 4.8
0 0 3 9 0 8 5 0 6 0 5.16666666667
0 9 0 0 8 2 0 0 1 0 5.0
0 0 0 3 3 5 8 1 0 0 3.33333333333
0 6 5 0 0 0 0 0 2 0 4.33333333333
7 3 7 0 0 0 7 0 6 1 5.16666666667
0 3 0 4 0 2 9 7 0 3 4.0
7 6 0 0 0 10 0 6 5 0 5.66666666667
8 8 0 0 3 8 0 0 0 3 6.0
2 0 0 0 4 3 6 0 0 9 4.0
8 0 0 0 10 0 3 2 0 1 4.8
5 0 10 0 0 0 3 10 0 3 6.2
0 0 4 0 1 0 2 0 0 0 1.75
0 0 0 5 8 0 9 2 0 9 5.5
0 1 7 6 3 0 0 0 2 0 2.71428571429
0 0 7 5 0 0 6 0 10 0 7.0
0 0 0 0 0 0 4 0 0 0 2.0
0 0 0 0 7 9 0 0 8 1 5.0
10 0 0 0 0 1 5 0 0 10 6.5
5 10 0 10 4 1 0 0 8 8 6.57142857143
9 0 0 0 0 8 0 0 0 0 8.5
4 6 2 0 0 0 0 2 9 0 4.6
0 7 0 7 8 8 0 0 0 8 7.6
3 10 5 5 4 0 10 0 0 0 5.28571428571
2 0 7 5 10 4 0 0 0 6 4.85714285714
1 3 1 9 2 0 0 1 0 0 2.42857142857
8 0 4 0 4 0 1 2 0 0 3.8
0 3 0 2 10 0 0 0 10 0 5.0
2 4 0 9 0 8 0 0 0 0 5.75
0 0 0 2 0 0 6 0 4 0 4.0
10 10 5 0 0 0 9 0 0 1 7.0
4 1 0 0 7 6 1 7 8 4 4.75
10 9 0 0 0 6 10 0 0 0 7.0
4 1 4 10 0 10 0 8 8 0 6.42857142857
7 0 0 6 0 0 9 10 9 5 7.66666666667
5 0 0 7 5 6 8 0 5 2 5.42857142857
10 5 9 0 8 0 0 5 9 4 6.25
0 0 9 10 0 0 0 0 3 5 6.75
0 3 0 0 4 0 10 0 0 0 5.66666666667
0 6 0 0 2 9 0 0 8 0 6.25
9 3 0 7 0 0 0 0 7 4 5.0
0 6 0 4 0 1 0 5 0 0 4.0
0 0 7 0 0 0 0 0 2 0 4.5
10 0 0 0 4 1 8 10 0 0 5.5
8 6 6 8 0 6 9 7 0 8 7.25
0 0 6 0 5 0 0 0 1 0 4.0
0 8 8 1 5 0 6 0 0 1 4.83333333333
8 0 0 0 0 0 4 8 0 0 5.0
0 0 0 0 0 0 7 0 0 0 7.0
0 0 0 0 0 0 0 0 8 4 3.0
1 0 6 6 2 0 5 0 8 0 4.66666666667
9 0 0 0 2 8 0 10 0 0 7.25
0 4 0 9 0 9 0 7 0 0 7.25
3 0 0 0 0 7 0 6 8 0 4.8
0 1 4 2 0 7 0 1 7 0 3.66666666667
0 9 3 0 0 10 0 4 0 0 6.5
3 0 1 0 7 0 0 9 8 0 5.6
0 0 0 0 0 10 4 0 0 0 4.66666666667
10 0 0 0 6 0 0 3 8 0 5.4
0 0 0 0 0 0 8 5 0 7 6.66666666667
10 0 6 0 8 0 0 9 0 0 5.5
0 0 10 9 0 1 7 0 1 10 6.33333333333
10 9 5 0 0 0 0 0 7 0 7.75
10 0 10 0 0 0 0 1 0 1 3.66666666667
5 0 0 0 1 0 3 0 2 0 2.75
1 6 0 0 0 9 0 0 0 0 3.2
0 0 8 6 10 0 0 0 3 0 6.75
0 4 0 0 7 3 0 6 0 0 5.0
0 6 9 8 4 2 0 0 0 9 6.33333333333
10 3 8 4 8 4 1 0 0 0 5.42857142857
0 0 0 0 10 0 0 0 6 0 5.33333333333
0 0 9 0 0 0 6 0 4 4 5.75
0 0 0 5 7 0 0 10 0 0 4.4
3 0 0 2 2 0 0 2 0 0 1.8
0 8 6 5 0 7 3 0 0 8 6.16666666667
0 0 0 0 2 2 5 0 5 0 3.5
6 0 0 0 1 0 2 3 9 0 4.2
6 7 0 3 4 0 0 4 2 0 4.33333333333
0 7 8 8 2 7 0 0 0 4 6.0
9 10 3 0 0 0 0 6 5 7 6.66666666667
6 0 9 0 0 9 0 4 6 0 6.8
3 0 0 10 0 8 0 0 0 10 6.2
0 0 0 0 0 1 1 0 7 0 3.0
0 0 0 0 6 0 0 0 0 4 5.0
0 0 0 4 0 3 0 3 0 0 3.33333333333
2 0 0 0 8 6 0 0 0 0 2.66666666667
4 0 2 0 6 0 2 0 7 9 5.0
0 7 1 5 5 0 0 0 0 8 5.2
10 0 0 0 0 0 0 0 0 0 5.0
0 6 0 0 5 0 0 0 0 9 5.0
7 8 4 0 9 5 0 0 1 0 5.66666666667
0 2 9 0 1 9 0 6 6 4 4.625
3 8 0 0 0 8 0 0 0 0 6.33333333333
8 7 0 0 0 2 5 0 0 3 5.0
0 0 0 0 0 9 3 0 0 0 6.0
0 0 2 0 7 0 4 0 0 9 4.4
0 5 0 0 2 0 0 1 0 8 3.2
6 9 0 6 0 0 9 0 0 0 6.0
0 0 8 5 6 0 0 0 0 9 7.0
5 6 0 0 0 0 7 0 0 2 5.0
10 0 0 10 10 0 0 0 5 0 8.75
0 0 1 0 4 0 3 0 0 0 2.0
6 0 0 3 0 0 0 0 8 6 5.75
0 4 10 0 0 0 4 5 0 2 5.0
7 0 9 9 10 0 0 9 5 5 7.71428571429
0 5 2 5 0 0 0 0 0 6 4.5
0 0 0 0 0 0 0 2 0 1 1.0
0 0 2 0 0 3 0 7 0 0 4.0
0 6 3 0 0 0 7 0 0 3 4.75
7 5 8 10 0 1 0 4 2 0 5.28571428571
10 2 2 0 0 4 0 6 4 5 4.71428571429
0 0 1 6 8 5 0 6 0 3 4.14285714286
0 0 0 0 7 5 5 3 0 10 5.0
0 0 6 0 5 0 3 0 0 3 4.25
0 0 7 8 0 3 0 5 9 0 5.33333333333
7 7 0 10 3 0 0 0 0 0 5.4
0 7 0 0 0 0 0 0 0 0 2.33333333333
2 1 0 0 0 7 3 0 1 5 2.71428571429
0 5 2 0 10 7 0 0 0 0 6.0
6 7 0 0 0 0 3 5 5 2 3.5
10 7 0 0 3 0 6 7 0 0 5.5
0 6 0 6 0 0 0 0 2 6 4.0
6 8 0 8 0 9 0 4 0 5 6.66666666667
0 0 7 0 9 0 2 2 0 1 4.2
0 0 0 0 0 3 0 4 10 1 3.6
3 0 0 2 0 0 0 3 9 5 3.14285714286
0 10 0 1 0 3 0 0 0 1 3.75
0 7 6 10 0 0 7 2 1 0 4.71428571429
0 0 0 0 8 10 9 0 0 2 7.25
8 7 1 3 6 4 10 0 0 4 5.375
5 10 7 0 0 0 3 2 0 5 5.33333333333
1 0 0 0 0 6 0 0 5 8 4.0
7 3 0 5 0 10 0 0 8 0 6.6
2 0 0 0 4 0 8 10 0 0 4.8
0 9 10 5 1 0 0 0 6 0 5.16666666667
0 0 0 0 8 5 0 2 4 2 4.2
4 0 1 9 1 0 0 0 1 0 3.2
0 0 4 0 0 2 0 0 0 0 3.0
